0.929660
0.939039
0.932005
0.927315
0.936471
0.925882
0.931765
0.943529
0.933875
0.955916
0.926914
0.936195
0.930178
0.939645
0.924260
0.938462
0.942012
0.927811
0.934911
0.940828
0.915601
0.921995
0.918159
0.925831
0.927212
0.942889
0.941769
0.940649
0.928756
0.933938
0.928756
0.926166
0.917327
0.938845
0.929785
0.920725
0.931250
0.927500
0.931250
0.943750
0.933333
0.935632
0.944828
0.922989
0.929560
0.927044
0.928302
0.916981
0.916951
0.928328
0.929465
0.943117
0.930952
0.926190
0.941667
0.933333
0.940141
0.929577
0.933099
0.928404
0.921801
0.926540
0.936019
0.938389
0.944712
0.915865
0.925481
0.923077
0.941392
0.932845
0.918193
0.923077
0.913237
0.935484
0.921023
0.918799
0.925879
0.935930
0.915829
0.923367
0.931792
0.924855
0.914451
0.938728
0.920925
0.930657
0.935523
0.936740
0.928331
0.939530
0.942889
0.938410
0.945362
0.921220
0.923761
0.926302
0.934732
0.925408
0.931235
0.939394
0.932285
0.923821
0.923821
0.940750
0.937220
0.940583
0.923767
0.939462
0.925127
0.926396
0.926396
0.928934
0.931920
0.952009
0.944196
0.943080
0.929737
0.943538
0.925972
0.930991
0.936795
0.932280
0.917607
0.933409
0.934177
0.927848
0.939241
0.925316
0.932584
0.931461
0.925843
0.926966
0.932464
0.924171
0.937204
0.921801
0.925926
0.936343
0.932870
0.935185
0.930488
0.934146
0.929268
0.929268
0.946591
0.947727
0.940909
0.932955
0.938389
0.944313
0.932464
0.940758
0.934884
0.950000
0.945349
0.936047
0.924906
0.936170
0.932416
0.929912
0.938870
0.935409
0.936563
0.926182
0.931361
0.928994
0.918343
0.923077
0.925459
0.908257
0.928899
0.934633
0.934656
0.931155
0.929988
0.929988
0.941375
0.937993
0.947012
0.926719
0.934959
0.939605
0.934959
0.925668
0.944575
0.936321
0.930425
0.938679
0.931762
0.928040
0.937965
0.925558
0.933177
0.923798
0.920281
0.915592
0.936145
0.926506
0.940964
0.932530
0.935522
0.928488
0.935522
0.937866
0.933086
0.924411
0.945477
0.930607
0.935811
0.927928
0.939189
0.933559
0.916031
0.917303
0.932570
0.936387
0.934503
0.922807
0.926316
0.938012
0.936353
0.930233
0.931457
0.941248
0.923977
0.939181
0.930994
0.938012
0.951025
0.931663
0.948747
0.924829
0.926402
0.936916
0.939252
0.928738
0.947430
0.941589
0.940421
0.929907
0.917419
0.935484
0.917419
0.929032
0.943210
0.938272
0.927160
0.932099
0.925178
0.931116
0.933492
0.934679
0.921053
0.932331
0.928571
0.926065
0.913386
0.928009
0.928009
0.919010
0.932668
0.925187
0.920200
0.933915
0.933094
0.931900
0.931900
0.934289
0.934889
0.947174
0.929975
0.928747
0.935627
0.933407
0.920089
0.933407
0.914729
0.919897
0.931525
0.928941
0.946429
0.930804
0.937500
0.934152
0.948454
0.911082
0.932990
0.921392
0.920045
0.926802
0.934685
0.932432
0.936198
0.924479
0.929688
0.940104
0.927823
0.933644
0.925495
0.919674
0.920561
0.945093
0.931075
0.926402
0.940898
0.925532
0.921986
0.949173
0.932544
0.919527
0.924260
0.940828
0.939290
0.945017
0.925544
0.940435
0.932854
0.929257
0.934053
0.926859
0.910798
0.909624
0.931925
0.909624
0.942217
0.929245
0.932783
0.922170
0.922078
0.932704
0.933884
0.939787
0.948956
0.937355
0.936195
0.940835
0.935227
0.938636
0.922727
0.928409
0.920863
0.936451
0.935252
0.922062
0.928736
0.933333
0.942529
0.944828
0.930588
0.925882
0.932941
0.929412
0.933931
0.924972
0.926092
0.939530
0.927449
0.926239
0.925030
0.918984
0.925373
0.934558
0.948335
0.923077
0.928488
0.939039
0.932005
0.934349
0.941441
0.923423
0.926802
0.927928
0.936039
0.918819
0.920049
0.929889
0.925201
0.930955
0.935558
0.939010
0.941379
0.935632
0.950575
0.934483
0.934256
0.945790
0.941176
0.951557
0.940649
0.920493
0.944009
0.935050
0.913415
0.941463
0.928049
0.932927
0.929922
0.909900
0.932147
0.919911
0.930394
0.932715
0.932715
0.930394
0.940334
0.941527
0.931981
0.937947
0.930913
0.912178
0.930913
0.936768
0.909201
0.929782
0.926150
0.911622
0.911525
0.915017
0.937136
0.927823
0.935644
0.924505
0.943069
0.944307
0.920993
0.925508
0.926637
0.918736
0.951276
0.957077
0.939675
0.923434
0.926316
0.914620
0.939181
0.935673
0.947307
0.929742
0.935597
0.927400
0.920139
0.940972
0.936343
0.927083
0.927500
0.942500
0.935000
0.932500
0.947309
0.939462
0.929372
0.948430
0.936468
0.919949
0.928844
0.937738
0.922353
0.921176
0.924706
0.921176
0.924848
0.924848
0.933333
0.926061
0.944570
0.941176
0.944570
0.942308
0.919900
0.933667
0.931164
0.924906
0.932878
0.930603
0.932878
0.945392
0.929382
0.935687
0.939470
0.924338
0.927918
0.949657
0.943936
0.953089
0.929382
0.916772
0.924338
0.928121
0.930372
0.937575
0.941176
0.925570
0.913043
0.925831
0.915601
0.921995
0.957225
0.934104
0.947977
0.935260
0.910412
0.937046
0.930993
0.927361
0.922222
0.938889
0.916667
0.933333
0.942138
0.918239
0.947170
0.937107
0.922078
0.936246
0.933884
0.918536
0.921084
0.941107
0.925795
0.943463
0.935006
0.940707
0.938426
0.940707
0.929257
0.938849
0.943645
0.925659
0.931691
0.950728
0.939530
0.940649
0.932331
0.939850
0.939850
0.917293
0.960362
0.952435
0.932050
0.949037
0.933661
0.925061
0.922604
0.936118
0.930475
0.925840
0.926999
0.935110
0.923445
0.931818
0.923445
0.917464
0.953777
0.944758
0.941375
0.937993
0.936375
0.937575
0.945978
0.927971
0.932401
0.912587
0.926573
0.921911
0.940263
0.941458
0.940263
0.951016
0.936455
0.914158
0.921962
0.935340
0.924067
0.906049
0.922780
0.922780
0.937136
0.934808
0.928987
0.905704
0.921642
0.922886
0.922886
0.936567
0.928404
0.927230
0.927230
0.936620
0.933168
0.930693
0.938119
0.928218
0.934332
0.920507
0.920507
0.928571
0.926946
0.935329
0.932934
0.935329
0.925321
0.929988
0.907818
0.928821
0.931385
0.936468
0.933926
0.931385
0.941040
0.936416
0.923699
0.939884
0.923277
0.931079
0.947984
0.938882
0.922811
0.930876
0.934332
0.935484
0.922680
0.929124
0.938144
0.929124
0.932948
0.924855
0.930636
0.939884
0.918885
0.937896
0.929024
0.921420
0.926521
0.936854
0.946039
0.946039
0.932826
0.932826
0.911280
0.937896
0.926914
0.911833
0.941995
0.924594
0.927591
0.927591
0.917603
0.928839
0.941038
0.933962
0.949292
0.924528
0.907692
0.941026
0.923077
0.924359
0.945516
0.954597
0.935301
0.939841
0.941401
0.907006
0.922293
0.923567
0.929705
0.941043
0.924036
0.944444
0.934289
0.924731
0.922342
0.910394
0.943584
0.933628
0.931416
0.941372
0.919395
0.926952
0.925693
0.937028
0.918415
0.931235
0.934732
0.918415
0.934625
0.926150
0.953995
0.922518
0.919101
0.933708
0.928090
0.915730
0.935000
0.920000
0.921250
0.926250
0.937209
0.934884
0.929070
0.948837
0.919023
0.928021
0.934447
0.920308
0.941834
0.940716
0.932886
0.926174
0.943152
0.934109
0.904393
0.937984
0.940449
0.928090
0.937079
0.928090
0.924456
0.923175
0.918054
0.933419
0.947072
0.932432
0.943694
0.922297
0.932349
0.927429
0.948339
0.928659
0.935972
0.930151
0.941793
0.930151
0.934866
0.925926
0.931034
0.933589
0.946953
0.936795
0.924379
0.941309
0.932015
0.933251
0.933251
0.935723
0.929625
0.933031
0.948922
0.936436
0.930946
0.945013
0.930946
0.945013
0.924634
0.934758
0.935883
0.947132
0.906683
0.914250
0.912989
0.933165
0.925795
0.921084
0.916372
0.922261
0.933985
0.931540
0.930318
0.922983
0.924439
0.937426
0.938607
0.932704
0.930342
0.922078
0.930342
0.924439
0.938845
0.927520
0.929785
0.930917
0.918444
0.934755
0.920954
0.919699
0.933644
0.934808
0.952270
0.932480
0.931684
0.926973
0.908127
0.939929
0.929152
0.938444
0.931475
0.929152
0.932349
0.931119
0.938499
0.944649
0.942080
0.934988
0.932624
0.943262
0.926061
0.921212
0.916364
0.934545
0.930524
0.928246
0.915718
0.937358
0.931116
0.934679
0.939430
0.939430
0.921708
0.919336
0.928826
0.928826
0.945158
0.928821
0.943991
0.922987
0.936313
0.938547
0.949721
0.944134
0.947248
0.919725
0.920872
0.930046
0.915607
0.922543
0.932948
0.929480
0.943596
0.942421
0.933020
0.938895
0.935897
0.934732
0.921911
0.940559
0.933177
0.921454
0.923798
0.916764
0.930994
0.938012
0.929825
0.920468
0.926506
0.928916
0.920482
0.927711
0.923345
0.937282
0.929152
0.936121
0.944444
0.943311
0.930839
0.939909
0.932793
0.939745
0.936269
0.931634
0.934545
0.926061
0.938182
0.923636
0.931634
0.933951
0.939745
0.933951
0.927639
0.921708
0.939502
0.926453
0.933486
0.927752
0.928899
0.919725
0.937500
0.937500
0.925245
0.912990
0.935110
0.935110
0.938586
0.935110
0.931818
0.947368
0.928230
0.935407
0.935370
0.945946
0.944771
0.941246
0.929988
0.929988
0.915986
0.926488
0.931075
0.924065
0.929907
0.921729
0.932530
0.927711
0.940964
0.922892
0.923166
0.931315
0.951106
0.945285
0.930342
0.920897
0.937426
0.931523
0.936269
0.950174
0.938586
0.935110
0.924171
0.943128
0.931280
0.934834
0.932862
0.918728
0.942285
0.937574
0.939394
0.938228
0.941725
0.932401
0.934315
0.944507
0.936580
0.939977
0.934656
0.933489
0.938156
0.935823
0.917840
0.942488
0.938967
0.942488
0.934834
0.940758
0.930095
0.943128
0.925146
0.926316
0.933333
0.928655
0.927835
0.936856
0.907216
0.929124
0.925390
0.930958
0.929844
0.939866
0.900510
0.927296
0.920918
0.927296
0.941246
0.942421
0.936545
0.930670
0.941772
0.935443
0.926582
0.922785
0.926387
0.932050
0.932050
0.921857
0.928750
0.925000
0.925000
0.918750
0.919448
0.926352
0.928654
0.941312
0.948780
0.942683
0.941463
0.943902
0.942308
0.951357
0.941176
0.940045
0.940492
0.927555
0.915912
0.921087